32
63
1573
1575
1576
1577
1578
1582
1585
1587
1589
1593
1594
1604
1605
1606
1608
1610
64519
64520
64522
64525
64526
64528
64539
64542
64543
64545
64554
64556
64577
64578
64580
64583
64584
64586
64589
64590
64592
64599
64600
64602
64618
64620
64621
64623
64624
64626
64627
64629
64645
64647
64648
64649
64650
64652
64653
64655
64657
64659
64660
64662
64670
64671
64675
64676
64684
64687
64688
64690
64691
64699
64701
64715
64716
64720
64721
64724
64725
64732
64733
64737
64739
64743
64749
64750
64752
64760
64762
64764
64772
64774
64782
64783
64788
64790
64792
64800
64802
64810
64811
64822
64852
64855
64866
64867
64870
64886
64887
64889
64890
64901
64902
64911
64922
64924
64925
64926
64929
64931
64941
64944
64945
64950
64953
64965
64966
65013
65014
65016
65159
65160
65165
65166
65167
65168
65169
65170
65171
65172
65173
65174
65175
65176
65189
65190
65191
65192
65197
65198
65201
65202
65203
65204
65209
65210
65211
65212
65225
65226
65227
65228
65229
65230
65231
65232
65245
65246
65247
65248
65249
65250
65251
65252
65253
65254
65255
65256
65261
65262
65265
65266
65267
65268
65273
65274
65275
65276